[5.4785354,51.4438474],
            [5.4787178,51.4436],
            [5.4793722,51.4436802],
            [5.4790504,51.4441952],
            [5.4769797,51.4438942],
            [5.4775215,51.4426003],
            [5.4780633,51.441674],
            [5.4786427,51.4411374],
            [5.4799261,51.4404586],
            [5.4809145,51.4396962],
            [5.4819338,51.4385425],
            [5.4827887,51.4375089],
            [5.4835006,51.4369327],
            [5.485253,51.4360254],
            [5.4859018,51.4354842],
            [5.4860819,51.4349103],
            [5.4859625,51.4340983],
            [5.4859705,51.4337179],
            [5.4855735,51.4325749],
            [5.4849445,51.4324504],
            [5.4849083,51.4323525],
            [5.4855279,51.4311778],
            [5.4860885,51.4299495],
            [5.4868395,51.4285172],
            [5.4869012,51.4282492],
            [5.4868234,51.4278642],
            [5.4856084,51.4239674],
            [5.4847379,51.4210595],
            [5.4834707,51.4166463],
            [5.4817809,51.4167701],
            [5.477197,51.4172769],
            [5.4763354,51.4173527],
            [5.4754844,51.4173748],
            [5.4737175,51.4172122],
            [5.470454,51.4168353],
            [5.4695735,51.4168341],
            [5.4675773,51.4169466],
            [5.4662811,51.4170834],
            [5.4653497,51.4172502],
            [5.4647113,51.4159734],
            [5.4643223,51.4147501],
            [5.4638476,51.4129426],
            [5.463738,51.4129397],
            [5.4636255,51.4129148],
            [5.4635399,51.4128732],
            [5.4634651,51.412795],
            [5.4634091,51.4126933],
            [5.463279,51.4121212]