[5.4789221,51.443803],
            [5.4789865,51.4436141],
            [5.4793889,51.4436776],
            [5.4791528,51.4442443],
            [5.4769856,51.4438782],
            [5.4746386,51.4434385],
            [5.4745743,51.4433316],
            [5.4757545,51.4414357],
            [5.4756821,51.4413161],
            [5.4754594,51.4412401],
            [5.4731125,51.4410779],
            [5.4727638,51.4410929],
            [5.4698375,51.4416329],
            [5.4664258,51.4431459],
            [5.465436,51.4436475],
            [5.4639822,51.4446339],
            [5.4634887,51.4448454],
            [5.4629738,51.445],
            [5.4625661,51.4450836],
            [5.4622389,51.4451671],
            [5.46163,51.4454505],
            [5.4602218,51.4462922],
            [5.4586098,51.4475125],
            [5.4585139,51.4475401],
            [5.458418,51.4475442],
            [5.4583282,51.4475125],
            [5.4562763,51.4450434],
            [5.4540742,51.4457456],
            [5.4538905,51.4457773],
            [5.4535753,51.4457656],
            [5.4503996,51.4452106],
            [5.4485327,51.444908],
            [5.4476127,51.4447651],
            [5.4470146,51.4446422],
            [5.4462931,51.44446],
            [5.4442935,51.4438666],
            [5.4432186,51.4435765],
            [5.4422376,51.4432764],
            [5.4386193,51.4417249],
            [5.4353711,51.4403623],
            [5.4316562,51.4387456],
            [5.427684,51.4371756],
            [5.4269665,51.4369541],
            [5.4259942,51.4367008],
            [5.4246115,51.4363822],
            [5.4238055,51.4361607],
            [5.4233595,51.4360211],
            [5.4229297,51.4358514],
            [5.4225302,51.4356438],
            [5.422238,51.4355399],
            [5.4216107,51.4353422],
            [5.4212305,51.4351808],
            [5.4198009,51.4341943],
            [5.4195729,51.4340872],
            [5.4193328,51.4340459],
            [5.4190821,51.4340346],
            [5.4188219,51.4340856],
            [5.4172904,51.4346608],
            [5.4168143,51.4348757],
            [5.4164133,51.4351006],
            [5.4162745,51.4352051],
            [5.4161625,51.4353464],
            [5.4159251,51.4359249],
            [5.4158018,51.4359997],
            [5.4156193,51.4360311],
            [5.4154208,51.4360403],
            [5.411521,51.4354919],
            [5.4114298,51.4354526],
            [5.4111857,51.4352942],
            [5.411065,51.4352461],
            [5.4105084,51.4351483],
            [5.409984,51.4350003],
            [5.4045472,51.4328382],
            [5.4042957,51.432754],
            [5.4040895,51.4327035],
            [5.4039113,51.4326298],
            [5.403776,51.4325293],
            [5.4037023,51.4323675],
            [5.4036835,51.4321878],
            [5.403839,51.4311325],
            [5.403831,51.4309641],
            [5.4037103,51.4305815],
            [5.4036781,51.4302178],
            [5.4037264,51.429964],
            [5.4037961,51.4297036],
            [5.4039946,51.4292391],
            [5.4040858,51.428982],
            [5.4041287,51.4286292],
            [5.4040738,51.428372],
            [5.4039544,51.4281383],
            [5.4037801,51.4279351],
            [5.4035548,51.4277185],
            [5.4034528,51.4275751],
            [5.4034314,51.4273797],
            [5.4034743,51.4271675],
            [5.4037358,51.426634],
            [5.4036218,51.4263062],
            [5.4032825,51.4256933],
            [5.4032812,51.4255185],
            [5.4037426,51.4247291],
            [5.4035467,51.4246622],
            [5.4034193,51.4245401],
            [5.4033797,51.4243754],
            [5.403426,51.4242173],
            [5.4035748,51.4240827],
            [5.4037887,51.4240036],
            [5.4040057,51.4239792],
            [5.4042119,51.4240049],
            [5.4050326,51.4225247],
            [5.4051882,51.4223809],
            [5.4051232,51.4223186],
            [5.405104,51.4222339],
            [5.4051428,51.4221748],
            [5.4051976,51.4221224],
            [5.4053257,51.4220819],
            [5.4054648,51.4220833],
            [5.4055639,51.4221092],
            [5.4056415,51.4221584],
            [5.4059057,51.422089],
            [5.4062685,51.4220535],
            [5.4070282,51.422038],
            [5.4072663,51.422002],
            [5.4074775,51.4219393],
            [5.4076672,51.4218582],
            [5.4078087,51.4217537],
            [5.4082298,51.4213355],
            [5.4081453,51.4213017],
            [5.4081031,51.4212195],
            [5.4081091,51.421134],
            [5.408199,51.4210684],
            [5.4083459,51.4210389],
            [5.4084766,51.4210596],
            [5.4095522,51.4198854],
            [5.4094738,51.4198406],
            [5.4094345,51.4197614],
            [5.4094597,51.4196721],
            [5.4095529,51.4196106],
            [5.4096987,51.4195882],
            [5.4098178,51.419606],
            [5.410039,51.4193171],
            [5.4101711,51.4191023],
            [5.4102174,51.4188475],
            [5.4101577,51.418619],
            [5.4100409,51.4186229],
            [5.4099154,51.418588],
            [5.4098489,51.4185264],
            [5.4098313,51.4184467],
            [5.4098654,51.4183818],
            [5.4099317,51.4183369],
            [5.4096977,51.4181786],
            [5.4095405,51.4181012],
            [5.4093618,51.4180505],
            [5.4067466,51.417587],
            [5.4053612,51.4173604],
            [5.4052979,51.4174351],
            [5.4051723,51.4174908],
            [5.4049877,51.4174963],
            [5.4048568,51.4174458],
            [5.4047903,51.4173585],
            [5.4048181,51.4172542],
            [5.4009503,51.4166621],
            [5.3999257,51.4164588],
            [5.3971013,51.4160427],
            [5.3964321,51.4159032],
            [5.396347,51.4158669],
            [5.3963101,51.4158005],
            [5.3966092,51.4153606],
            [5.3967527,51.4152318],
            [5.3977626,51.4135514],
            [5.3976703,51.4135077],
            [5.3976586,51.4134339],
            [5.3977488,51.4133802],
            [5.3978658,51.4133766],
            [5.3990486,51.4114226],
            [5.3989685,51.4113919],
            [5.3989311,51.4113364],
            [5.398942,51.4112775],
            [5.3967111,51.4107844],
            [5.3959809,51.4105766],
            [5.393121,51.4099438],
            [5.3893096,51.4090336],
            [5.388977,51.4091365],
            [5.3887248,51.4096376],
            [5.3868688,51.4091993],
            [5.3867105,51.4098099],
            [5.3862921,51.4109242],
            [5.3860742,51.4112767],
            [5.3855988,51.4119203],
            [5.3851984,51.4124101],
            [5.3850466,51.4125596],
            [5.3849492,51.4128435],
            [5.3846349,51.4132522],
            [5.3842724,51.4134502],
            [5.3830922,51.4143142],
            [5.3822567,51.4148517],
            [5.3809974,51.415727],
            [5.3820347,51.4161561],
            [5.3826107,51.4163275],
            [5.3842053,51.4166855],
            [5.3838808,51.4172584],
            [5.383919,51.417341],
            [5.3840001,51.4173985],
            [5.3841517,51.4174566],
            [5.3868071,51.4180638],
            [5.3924665,51.419397],
            [5.3932269,51.4195709],
            [5.3936018,51.4196245],
            [5.3936712,51.4195676],
            [5.393781,51.4195475],
            [5.3939069,51.4195609],
            [5.3942046,51.4190357],
            [5.3949637,51.4177736],
            [5.3948718,51.4177416],
            [5.394842,51.4176838],
            [5.3948497,51.417626],
            [5.3949057,51.4175799],
            [5.3950046,51.4175539],
            [5.3951005,51.4175654],
            [5.3960446,51.4162422],
            [5.3963074,51.4159165],
            [5.3963812,51.4158506],
            [5.3964871,51.4158082],
            [5.3966266,51.4157793],
            [5.3967821,51.4157705],
            [5.3982574,51.4159344]