[5.4787856,51.4437484],
            [5.4788349,51.4435935],
            [5.4792651,51.4436485],
            [5.4790727,51.4442117],
            [5.478903,51.444228],
            [5.4775693,51.4439667],
            [5.4768749,51.443865],
            [5.4753792,51.4435924],
            [5.4746882,51.4434619],
            [5.4746231,51.4434047],
            [5.4746063,51.4433307],
            [5.4751439,51.4424421],
            [5.4757524,51.4414357],
            [5.4757494,51.4413632],
            [5.4757142,51.4413042],
            [5.4756548,51.4412743],
            [5.4755794,51.4412546],
            [5.4734215,51.4410935],
            [5.4729834,51.4410918],
            [5.4727309,51.4411183],
            [5.4715695,51.4413242],
            [5.4701427,51.4415652],
            [5.469722,51.44167],
            [5.4679527,51.4424717],
            [5.4665195,51.4430855],
            [5.4657879,51.4434556],
            [5.4653941,51.4436648],
            [5.4648679,51.444003],
            [5.4643577,51.444368],
            [5.4640429,51.4446199],
            [5.4637549,51.4447698],
            [5.463324,51.444945],
            [5.4628501,51.4451069],
            [5.4622744,51.4451486],
            [5.4619086,51.4452671],
            [5.4615663,51.4454231],
            [5.4612723,51.4455992],
            [5.4601312,51.4463812],
            [5.459202,51.4470294],
            [5.4585237,51.4475871],
            [5.4584927,51.4475999],
            [5.4584467,51.4475963],
            [5.4584114,51.4475709],
            [5.4575211,51.4465748],
            [5.4563312,51.4451099],
            [5.4562687,51.4450649],
            [5.4561928,51.4450599],
            [5.4541672,51.4457083],
            [5.4540235,51.4457533],
            [5.453855,51.4457775],
            [5.4536839,51.4457766],
            [5.4522859,51.4455284],
            [5.4512912,51.4453469],
            [5.4496314,51.4450819],
            [5.4476502,51.4447746],
            [5.4470532,51.444655],
            [5.4447383,51.4439933],
            [5.4439725,51.4437995],
            [5.4428204,51.4434702],
            [5.4422543,51.4432769],
            [5.4403068,51.4424517],
            [5.4354515,51.4403911],
            [5.4316427,51.4387417],
            [5.4309155,51.4384429],
            [5.4300649,51.4381241],
            [5.429099,51.4377251],
            [5.4287529,51.4376125],
            [5.4279093,51.4372485],
            [5.4272427,51.4370117],
            [5.4258709,51.4366716],
            [5.4244375,51.4363316],
            [5.4233334,51.4360182],
            [5.4228607,51.4358416],
            [5.4223127,51.4355617],
            [5.4219112,51.4354593],
            [5.4215522,51.4353396],
            [5.4212094,51.4351797],
            [5.4209644,51.4350185],
            [5.4197946,51.4341905],
            [5.4196561,51.4341255],
            [5.4195068,51.4340738],
            [5.419341,51.4340421],
            [5.4192024,51.434036],
            [5.4190583,51.43404],
            [5.4188936,51.4340679],
            [5.418666,51.4341472],
            [5.4175209,51.4345656],
            [5.4169197,51.4348202],
            [5.4163427,51.4351317],
            [5.4162276,51.4352367],
            [5.4161446,51.4353585],
            [5.4159227,51.4359617],
            [5.4157982,51.4360359],
            [5.4156147,51.4360667],
            [5.4115577,51.4355127],
            [5.4114677,51.4354777],
            [5.4114099,51.4354293],
            [5.4112962,51.4354127],
            [5.4111181,51.4354094],
            [5.4108587,51.4353817],
            [5.4105993,51.4353438],
            [5.4103203,51.4352866],
            [5.4100842,51.4352194],
            [5.4096227,51.4350817],
            [5.406666,51.4338661],
            [5.4045383,51.4330268],
            [5.4043108,51.4329542],
            [5.4040566,51.4329084],
            [5.4036722,51.4328867],
            [5.4036449,51.4329301],
            [5.4035907,51.4329767],
            [5.4035181,51.4330001],
            [5.4034427,51.4330134],
            [5.4033411,51.4330102],
            [5.4032609,51.4329886],
            [5.4032128,51.432959],
            [5.40317,51.4329144],
            [5.4031406,51.4328664],
            [5.4031327,51.4328117],
            [5.4025941,51.4327774],
            [5.4022056,51.4328101],
            [5.394853,51.4344158],
            [5.3944736,51.4345496],
            [5.3942336,51.434685],
            [5.3942947,51.4347514],
            [5.39431,51.4348257],
            [5.3942636,51.4349034],
            [5.3941627,51.4349617],
            [5.3939727,51.4349917],
            [5.3937627,51.4349517],
            [5.3937127,51.4348717],
            [5.3937397,51.4347582],
            [5.3938524,51.4346849],
            [5.3934629,51.4344168],
            [5.3930627,51.4340417],
            [5.3922227,51.4329717],
            [5.3919438,51.4327333],
            [5.3916327,51.4325117],
            [5.3902927,51.4317517],
            [5.3901527,51.4316117],
            [5.3900971,51.4314571],
            [5.3901941,51.4303318],
            [5.3903623,51.429992],
            [5.3904285,51.4296856],
            [5.3904452,51.4293201],
            [5.3905532,51.4284997],
            [5.390659,51.4277334],
            [5.3907084,51.4276065],
            [5.3908275,51.4274897],
            [5.3913104,51.4271797],
            [5.3922922,51.4265219],
            [5.3924112,51.426412],
            [5.3924734,51.4262935],
            [5.392495,51.4261974],
            [5.3924039,51.4257334],
            [5.3923452,51.4251364],
            [5.3922434,51.4244278],
            [5.3921471,51.4234868],
            [5.3920595,51.4234743],
            [5.3919639,51.4234367],
            [5.3919128,51.4233834],
            [5.3919127,51.4233217],
            [5.3919512,51.423265],
            [5.3920256,51.4232258],
            [5.3921215,51.4232033],
            [5.3921066,51.4229301],
            [5.3921541,51.4227955],
            [5.3927434,51.4219433],
            [5.3928824,51.4219452],
            [5.3930137,51.4219111],
            [5.3931088,51.4218422],
            [5.393151,51.4217559],
            [5.3931212,51.4216642],
            [5.3930231,51.4215816],
            [5.3928694,51.4215587],
            [5.3927363,51.421579],
            [5.3926246,51.4216211],
            [5.3925388,51.4216934],
            [5.3916185,51.4215214],
            [5.3888609,51.4210951],
            [5.3846454,51.4203075],
            [5.3828145,51.4199481],
            [5.380751,51.4193748],
            [5.3787976,51.4188232],
            [5.3787205,51.4188658],
            [5.3786273,51.4188933],
            [5.3785176,51.4188933],
            [5.378419,51.4188659],
            [5.3783527,51.4188267],
            [5.3783259,51.4187625],
            [5.3783366,51.4187134],
            [5.3777991,51.4185898],
            [5.3762048,51.4183524],
            [5.376171,51.4184017],
            [5.3760944,51.4184577],
            [5.3759542,51.4184827],
            [5.3758393,51.4184794],
            [5.3757192,51.4184409],
            [5.3756478,51.418369],
            [5.3756196,51.4182868],
            [5.3747418,51.418167],
            [5.3742181,51.4180858],
            [5.373503,51.4180542],
            [5.3727021,51.4180929],
            [5.3718798,51.4181124],
            [5.3714408,51.4180658],
            [5.3710202,51.4179822],
            [5.3706692,51.4178586],
            [5.3702553,51.4176684],
            [5.3698307,51.4174181],
            [5.3693597,51.4171171],
            [5.3688298,51.4169433],
            [5.3684065,51.4168226],
            [5.3682585,51.4168664],
            [5.3680921,51.4168606],
            [5.3679525,51.4168096],
            [5.3678692,51.4167285],
            [5.3678477,51.4166479],
            [5.3678584,51.4165672],
            [5.3679581,51.4164969],
            [5.3681005,51.4164466],
            [5.3682885,51.4164483],
            [5.3684203,51.4165001],
            [5.3685066,51.416582],
            [5.3685272,51.4166905],
            [5.3690163,51.4168915]