[5.463257,51.4120709],
            [5.4632309,51.4119458],
            [5.4632342,51.4117948],
            [5.4632744,51.4117082],
            [5.4634058,51.4115639],
            [5.4627648,51.4090874],
            [5.4622391,51.4068384],
            [5.4617925,51.4068535],
            [5.461692,51.4068368],
            [5.4612293,51.4064729],
            [5.4611512,51.4064321],
            [5.461073,51.406408],
            [5.4609839,51.4063917],
            [5.4523458,51.4061742],
            [5.4522556,51.4061796],
            [5.4521708,51.4061934],
            [5.4521087,51.4062315],
            [5.4520737,51.4062739],
            [5.4520494,51.406349],
            [5.4519086,51.4088377],
            [5.4518388,51.4091188],
            [5.4502832,51.4126112],
            [5.4502637,51.4126911],
            [5.4502813,51.4127468],
            [5.450323,51.4127841],
            [5.450377,51.4128136],
            [5.4590204,51.4143117],
            [5.4626213,51.4149373],
            [5.4627219,51.4149482],
            [5.4628225,51.414944],
            [5.4633549,51.4148813],
            [5.4643178,51.4147583],
            [5.4645122,51.4147967],
            [5.4646235,51.4151246]