[5.4784502,51.4437797],
            [5.47865,51.4435507],
            [5.4792951,51.4436744],
            [5.4791019,51.4442312],
            [5.4770903,51.4438901],
            [5.4769803,51.4444502],
            [5.4769656,51.4458586],
            [5.4770347,51.4459434],
            [5.4770206,51.4463308],
            [5.4772458,51.4478002],
            [5.4778654,51.4510531],
            [5.4780029,51.4519611],
            [5.4780116,51.452224],
            [5.4779057,51.45288],
            [5.4777179,51.4542522],
            [5.4771332,51.4571704],
            [5.4764197,51.4606766],
            [5.4756231,51.46449],
            [5.4753281,51.4659404],
            [5.4749526,51.4661911],
            [5.4748506,51.4664233],
            [5.4746709,51.4672504],
            [5.4708836,51.4671702],
            [5.4700092,51.4673515],
            [5.4693762,51.4673332],
            [5.46899,51.4673417],
            [5.4685715,51.4674021],
            [5.4681263,51.4675128],
            [5.4673887,51.4677935],
            [5.4645134,51.470659],
            [5.4601736,51.4749126],
            [5.4565365,51.4785628],
            [5.4561275,51.4791207],
            [5.4552578,51.4808045],
            [5.4542083,51.48328],
            [5.4516455,51.4829042],
            [5.4504445,51.4827531],
            [5.4503,51.4827243],
            [5.4495371,51.4821929],
            [5.4494588,51.4820876],
            [5.449433,51.4820307],
            [5.4494367,51.4819705],
            [5.4498444,51.4810501],
            [5.4501556,51.4802157],
            [5.4499946,51.4800161],
            [5.447417,51.4788668],
            [5.4473003,51.478795],
            [5.4472148,51.4788451],
            [5.4470435,51.4788485],
            [5.446958,51.4787883],
            [5.4469583,51.4787081],
            [5.4445524,51.4786292],
            [5.4442868,51.4786538],
            [5.4441795,51.4787131],
            [5.4413646,51.4815028],
            [5.440631,51.4822846],
            [5.4396171,51.4824466],
            [5.4394777,51.482505],
            [5.4384035,51.4835557],
            [5.4376538,51.4843775],
            [5.4367593,51.4862089],
            [5.4366486,51.4865049],
            [5.4366255,51.4866212],
            [5.4366434,51.4866894],
            [5.4366828,51.4867342],
            [5.4396976,51.4886231],
            [5.4405143,51.4892018],
            [5.4420874,51.4904452],
            [5.4465184,51.4914264],
            [5.4466821,51.4914259],
            [5.446835,51.4913954],
            [5.4479105,51.4907024]