            [5.4785158,51.4437731],
            [5.4787719,51.4435583],
            [5.4793607,51.4436778],
            [5.4791327,51.4442345],
            [5.4771102,51.4438901],
            [5.4769668,51.4444401],
            [5.4769359,51.4447427],
            [5.4769628,51.4457478],
            [5.4770164,51.4458793],
            [5.4770218,51.4461812],
            [5.4772229,51.4476983],
            [5.4778586,51.4510514],
            [5.4780048,51.451921],
            [5.4780115,51.4522156],
            [5.4779042,51.4528817],
            [5.4777125,51.4542455],
            [5.4771317,51.4571687],
            [5.4764116,51.460679],
            [5.4756163,51.4644967],
            [5.4751254,51.4672538],
            [5.478564,51.4673423],
            [5.4809525,51.4674117],
            [5.486388,51.4675295],
            [5.4876862,51.4674927],
            [5.4904972,51.4673424],
            [5.492431,51.4672664],
            [5.4950073,51.4670822],
            [5.4960299,51.4670185],
            [5.4971759,51.4669715],
            [5.4979886,51.4669986],
            [5.4988013,51.4670392],
            [5.5018348,51.467342],
            [5.5039404,51.4675312],
            [5.506113,51.4675679],
            [5.5083365,51.4675946],
            [5.5117496,51.4673675],
            [5.5146183,51.4671552],
            [5.5176974,51.4669747],
            [5.5209255,51.4670291],
            [5.5231987,51.4671201],
            [5.5236654,51.4670153],
            [5.5241857,51.4669639],
            [5.5246846,51.4670362],
            [5.5250655,51.467182],
            [5.5286677,51.4674292],
            [5.5291766,51.4673449],
            [5.5296963,51.4673474],
            [5.5302428,51.4674635],
            [5.5307249,51.4676798],
            [5.5353839,51.46839],
            [5.5401878,51.4691602],
            [5.5406394,51.469137],
            [5.5411017,51.4691805],
            [5.5415319,51.4693076],
            [5.5418118,51.4694681],
            [5.5444122,51.4701168],
            [5.5447643,51.4700293],
            [5.5450529,51.4700407],
            [5.5453609,51.4701391],
            [5.5455294,51.4703011],
            [5.5461745,51.4703516],
            [5.5476819,51.4702664],
            [5.548449,51.4702329],
            [5.5492054,51.4702396],
            [5.5505679,51.4701001],
            [5.5514625,51.4700938],
            [5.5524837,51.4701325],
            [5.5534513,51.4702145],
            [5.5538731,51.4703115],
            [5.5547562,51.4706657],
            [5.5548289,51.4705905],
            [5.5549672,51.4705646],
            [5.5551055,51.4705821],
            [5.5552639,51.4706148],
            [5.5553632,51.4706877],
            [5.5553849,51.4707765],
            [5.5553692,51.4708741],
            [5.5552735,51.4709488],
            [5.555125,51.4709914],
            [5.5550381,51.4712769],
            [5.5550371,51.4713887],
            [5.5551246,51.4715881],
            [5.5552336,51.4717207],
            [5.5553801,51.4718292],
            [5.5556393,51.4719593],
            [5.5561201,51.4723131],
            [5.5565841,51.4727992],
            [5.5558116,51.4730598],
            [5.5554362,51.4723348]