[5.4784502,51.4437797],
            [5.47865,51.4435507],
            [5.4792951,51.4436744],
            [5.4791019,51.4442312],
            [5.4770903,51.4438901],
            [5.4769803,51.4444502],
            [5.4769656,51.4458586],
            [5.4770347,51.4459434],
            [5.4770206,51.4463308],
            [5.4772458,51.4478002],
            [5.4778654,51.4510531],
            [5.4780029,51.4519611],
            [5.4780116,51.452224],
            [5.4779057,51.45288],
            [5.4777179,51.4542522],
            [5.4771332,51.4571704],
            [5.4764197,51.4606766],
            [5.4756231,51.46449],
            [5.4753281,51.4659404],
            [5.4749526,51.4661911],
            [5.4748506,51.4664233],
            [5.4746709,51.4672504],
            [5.4708836,51.4671702],
            [5.4700092,51.4673515],
            [5.4693762,51.4673332],
            [5.46899,51.4673417],
            [5.4685715,51.4674021],
            [5.4681263,51.4675128],
            [5.4673887,51.4677935],
            [5.4645134,51.470659],
            [5.4601736,51.4749126],
            [5.4565365,51.4785628],
            [5.4561275,51.4791207],
            [5.4552578,51.4808045],
            [5.4542083,51.48328],
            [5.4527469,51.4870973],
            [5.4520409,51.4892376],
            [5.4516354,51.490887],
            [5.4512817,51.4928388],
            [5.4511679,51.4949961],
            [5.451272,51.4980168],
            [5.4521474,51.4979933],
            [5.4527841,51.4979265],
            [5.453621,51.4976676],
            [5.4540689,51.4975712],
            [5.4546242,51.4975148],
            [5.455477,51.4975558],
            [5.4562857,51.4975107],
            [5.4569476,51.4973278],
            [5.457765,51.4970014],
            [5.4580794,51.4969504],
            [5.4583922,51.4969617],
            [5.4586595,51.4970029],
            [5.4588947,51.4971043],
            [5.4590967,51.4972469],
            [5.4595369,51.4977678],
            [5.4609588,51.4989167],
            [5.4611359,51.4989876],
            [5.4613345,51.4990452],
            [5.4615385,51.4990669],
            [5.4633144,51.499157],
            [5.4635585,51.5003605],
            [5.46347,51.5016073],
            [5.467268,51.5017501],
            [5.4674778,51.4993241],
            [5.4635679,51.4991421]