[5.47899,51.44366],
            [5.47906,51.44352],
            [5.47929,51.44359],
            [5.47899,51.44422],
            [5.47766,51.44398],
            [5.47698,51.4439],
            [5.47453,51.44342],
            [5.4756,51.44128],
            [5.47362,51.4411],
            [5.47299,51.44109],
            [5.4724,51.44113],
            [5.46983,51.44156],
            [5.46616,51.44321],
            [5.46418,51.44452],
            [5.4637,51.4448],
            [5.46314,51.44504],
            [5.46265,51.44518],
            [5.46222,51.44518],
            [5.46185,51.44526],
            [5.46148,51.44542],
            [5.46022,51.44629],
            [5.46016,51.4464],
            [5.45998,51.44648],
            [5.45858,51.44764],
            [5.45833,51.44759],
            [5.45623,51.44513],
            [5.4558,51.4451],
            [5.45363,51.44581],
            [5.45035,51.44517],
            [5.44856,51.44498],
            [5.44782,51.44483],
            [5.44673,51.44458],
            [5.44352,51.4437],
            [5.44217,51.44325],
            [5.43167,51.43877],
            [5.42726,51.43705],
            [5.42387,51.43623],
            [5.42282,51.43587],
            [5.42215,51.43546],
            [5.42144,51.43542],
            [5.41971,51.43419],
            [5.41917,51.434],
            [5.4185,51.43405],
            [5.41754,51.43451],
            [5.41634,51.43518],
            [5.41614,51.43543],
            [5.41411,51.44086],
            [5.4111,51.44403],
            [5.40523,51.44825],
            [5.40294,51.44982],
            [5.40254,51.45036],
            [5.40228,51.45096],
            [5.40232,51.4517],
            [5.4025,51.45236],
            [5.40246,51.45294],
            [5.40216,51.45359],
            [5.40156,51.45416],
            [5.40108,51.45449],
            [5.40056,51.45476],
            [5.39955,51.45502],
            [5.39464,51.45608],
            [5.39415,51.45625],
            [5.39321,51.45667],
            [5.3932522,51.4567154],
            [5.3932595,51.4567608],
            [5.3932243,51.4568308],
            [5.3931512,51.4568725],
            [5.3931939,51.4569562],
            [5.393174,51.4570755],
            [5.3929188,51.4571098],
            [5.3926559,51.4569867],
            [5.3925435,51.4568265],
            [5.3925654,51.4567493],
            [5.3926615,51.4566743]